lag_error,ahead_error,error_sum,overshoot_error,current_sum,curr_vel
0.039232809,-0.079813432,0.119046241,0.023233593,30.35943142,4.986554991
0.044032787,-0.04671821,0.090750996,0.01963824,31.97454027,6.004249618
0.048709468,-0.035977797,0.084687264,0.00890559,32.89124683,5.62809514
0.063092877,-0.065652418,0.128745295,0.026251018,45.98941949,7.591843891
0.092039356,-0.151863218,0.243902574,0.022823513,89.54129225,11.71292884
-0.082220688,0.03081204,0.113032728,0.017477214,30.58032571,5.112530513
-0.050006703,0.027671771,0.077678475,0.019758403,31.77474464,5.42288902
-0.057692052,0.048506381,0.106198433,0.001911342,35.39498532,5.755944027
-0.056741285,0.054248501,0.110989786,0.018446147,45.96548967,7.383318432
-0.048210356,0.034828518,0.083038874,0.009765804,44.49134487,6.942343828
-0.073453023,0.026158526,0.099611549,0.014282405,23.52568866,3.953280337
-0.054692342,0.023423388,0.07811573,0.013994396,30.0374698,5.034617265
-0.041258885,0.024432376,0.065691261,0.00789851,27.75198719,4.513037191
-0.046484888,0.02720362,0.073688508,0.007618129,34.04781473,5.201298997
-0.048148274,0.023610354,0.071758629,-0.000579655,34.9520562,5.194144327
-0.053696706,0.036780551,0.090477257,0.008951366,29.05345899,4.958456327
-0.050829961,0.031224444,0.082054405,0.006019771,26.92895757,4.182028314
-0.047431066,0.024642184,0.07207325,0.00492686,32.44353998,4.921804592
-0.043694615,0.0294621,0.073156715,-0.002601445,30.66785654,4.740208455
-0.050936818,0.033139467,0.084076285,-0.006282628,35.85860479,5.086643385
-0.047848775,0.033568576,0.081417351,0.00486201,22.44498035,3.461068359
-0.046063497,0.031527713,0.077591209,0.002523601,22.5338683,3.575737065
-0.040623738,0.030469134,0.071092873,0.001074016,24.23746499,3.711276449
-0.045004739,0.031460777,0.076465516,-0.005664647,35.51882228,5.254540113
-0.044804692,0.033456088,0.07826078,-0.006225407,37.03224124,5.644057332
-0.0588084,0.057721332,0.116529732,0.018453777,32.21388035,5.831957357
-0.047720983,0.036341861,0.084062843,0.014402568,31.60259438,5.256617588
-0.062222138,0.029198424,0.091420562,0.010832012,39.83489931,6.5102734
-0.032119322,0.03488319,0.067002512,0.013614833,27.70200858,5.015134021
-0.091092634,0.084510494,0.175603128,0.029365718,69.44513452,14.63394008
-0.049397634,0.050925541,0.100323174,0.016756237,38.99884939,6.870505809
-0.04387745,0.029635398,0.073512849,0.0109846,29.01504815,4.926243338
-0.043465138,0.028021457,0.071486595,0.012237728,33.11823307,5.565221055
-0.048771799,0.028199256,0.076971055,0.012783229,41.82976717,6.993253116
-0.056347833,0.022862541,0.079210374,-0.001886189,41.2654916,6.42369335
-0.079508855,0.015490725,0.09499958,0.014038265,24.55498976,4.094747055
-0.052691533,0.017863467,0.070555,0.006616771,29.58890039,4.628014143
-0.046233251,0.032391742,0.078624992,0.003385723,31.39068532,4.773131574
-0.050415887,0.028452887,0.078868774,-0.002631962,32.09136581,4.769023817
-0.098598825,0.039354788,0.137953613,0.031763256,70.4793123,11.63458828
-0.057154729,0.027074054,0.084228783,0.007213771,22.31345147,3.47347786
-0.047469213,0.02519913,0.072668343,0.00427264,26.28840631,3.969670038
-0.039139821,0.026532367,0.065672188,0.001075923,25.28013353,3.90744956
-0.037577524,0.026713386,0.06429091,-0.002673924,28.3672078,4.323425794
-0.04085499,0.033454597,0.074309587,-0.009027302,35.04150462,5.172251715
-0.047415807,0.026311114,0.073726921,0.004347026,21.83759674,3.367408356
-0.033873869,0.036393597,0.070267466,-0.002961934,36.37096858,5.702410231
-0.039099588,0.036067024,0.075166612,-0.004819691,38.81958007,6.130312473
-0.035598112,0.040885403,0.076483515,-0.006208241,45.06664073,7.134026557
-0.039714395,0.040294349,0.080008744,-0.010227025,45.85963163,7.207329597
-0.068474843,0.045653537,0.11412838,0.023288906,30.28604391,5.364394255
-0.050867916,0.016940119,0.067808035,0.016197383,29.11519384,5.129282415
-0.040113927,0.027575136,0.067689063,0.011255443,29.83830088,5.299410867
-0.054616724,0.03740493,0.092021653,0.016105831,40.67381899,7.466663938
-0.103585638,0.052735463,0.156321101,-0.014549017,54.36071062,9.375218206
-0.070098232,0.032931168,0.103029399,0.014154673,33.04584694,5.256534787
-0.051345303,0.023192361,0.074537663,0.008541346,29.15740705,4.706550661
-0.045727804,0.021431521,0.067159326,0.00804162,31.0286005,4.984044373
-0.033880236,0.019660476,0.053540711,0.007578135,31.30364454,5.16754497
-0.067191051,0.050722527,0.117913578,0.014864206,61.80086112,11.44118819
-0.07494302,0.020659402,0.095602422,0.009596109,28.84665674,4.610961604
-0.049111797,0.019688561,0.068800359,0.003496408,24.74198096,3.869905173
-0.035829021,0.024283364,0.060112386,0.00091958,24.5145306,3.771324149
-0.043496609,0.034176827,0.077673436,-0.005164862,33.84800117,4.951478337
-0.050672411,0.043008208,0.093680619,-0.010999441,45.49288344,6.965937442
-0.040835812,0.034287407,0.075123219,0.001892328,26.89985099,4.320853949
-0.032035305,0.028021768,0.060057073,0.001083612,24.90609351,3.942622073
-0.033482744,0.027155593,0.060638337,-0.003627539,29.20956343,4.568681871
-0.037568642,0.03666599,0.074234632,-0.007751226,37.52349586,5.759108975
-0.039743019,0.049544408,0.089287427,-0.012220144,48.02401793,7.529429695
-0.046781017,0.025654747,0.072435764,0.001789331,23.71192523,3.762674384
-0.033930971,0.020167068,0.054098039,-0.000764608,24.47880775,3.757009212
-0.030667854,0.030470921,0.061138776,-0.00364089,32.84522983,5.211972658
-0.028712822,0.032908513,0.061621335,-0.005426168,34.95635563,5.352568792
-0.033107353,0.032286717,0.065394071,-0.005193472,36.90811899,5.363215538
-0.080773428,0.025070743,0.105844171,0.018255472,30.68403709,5.333975526
-0.05705364,0.020092563,0.077146203,0.013477564,35.45305634,6.130478019
-0.043738338,0.026525949,0.070264287,0.010196924,34.36587858,6.070625
-0.071028388,0.05210473,0.123133118,0.018005669,56.33545721,9.418367345
-0.064235844,0.031252518,0.095488362,-0.004451394,49.8249653,9.045231221
-0.063036158,0.031547978,0.094584136,0.006973624,26.58228052,4.344379287
-0.046278193,0.020752385,0.067030578,0.007103324,27.95280445,4.300269422
-0.041317179,0.025305226,0.066622405,0.000770926,29.84016764,4.495643672
-0.04037118,0.03027773,0.07064891,-0.009732842,29.21805489,4.190009257
-0.055263995,0.032629728,0.087893723,-0.011085153,34.80662787,4.98053902
-0.03874798,0.030958608,0.069706588,0.001039863,22.15749234,3.533122224
-0.034229305,0.030115394,0.064344699,0.000885367,31.00679854,4.884762742
-0.032759189,0.030552626,0.063311814,-0.004052758,28.72583514,4.388289289
-0.042776584,0.04057765,0.083354234,-0.011388421,41.32024691,6.341834547
-0.0583539,0.057686567,0.116040467,-0.016708016,60.90766925,9.113343628
-0.040408108,0.02901347,0.069421578,0.001179159,27.75958446,4.383739477
-0.033333375,0.022524074,0.055857449,0.001718938,21.50320159,3.284926918
-0.029972387,0.026830627,0.056803015,-0.003882945,29.61806506,4.665983812
-0.031669928,0.040042831,0.071712759,-0.00828892,43.94694896,6.8902078
-0.034921957,0.038412048,0.073334005,-0.009978831,43.03421816,6.731002729
-0.042799546,0.022474483,0.065274029,0.002159536,23.14857602,3.830971879
-0.035724773,0.019035116,0.054759889,-0.001367152,31.16294849,6.322893881
-0.027248693,0.022415114,0.049663808,-0.003566325,31.72511172,4.790637444
-0.024147345,0.03168483,0.055832174,-0.003531992,31.23173968,4.967968478
-0.027298285,0.030090286,0.057388571,-0.006143153,35.25660536,5.449473072
-0.076027289,0.025079743,0.101107032,0.015276372,31.63130355,5.356560303
-0.049511328,0.017589585,0.067100913,0.008720815,31.16457319,4.909618322
-0.046045304,0.027841212,0.073886517,0.014980733,36.06740713,6.029880851
-0.048910783,0.025106716,0.074017499,0.005785406,41.2084831,6.507563348
-0.062530828,0.036739303,0.099270132,-0.013036311,35.88760799,5.261588283
-0.088589505,0.022072252,0.110661757,0.011373937,32.64054263,5.388237536
-0.043100729,0.00997545,0.053076179,0.004200399,24.77782685,3.866284433
-0.036988318,0.018164338,0.055152656,0.002430379,33.06696355,5.111028913
-0.037457108,0.021488429,0.058945538,-0.002372324,32.79523483,4.95223096
-0.064571692,0.058540298,0.12311199,-0.017217219,59.38941956,9.030497693
-0.047745301,0.03420849,0.081953792,0.002827108,26.99969484,4.274038055
-0.030491008,0.021085515,0.051576524,-6.82e-05,24.96892385,3.859347151
-0.030796362,0.034477188,0.06527355,-0.009049952,34.61722821,5.098144717
-0.040585338,0.042940556,0.083525894,-0.011817515,45.04163592,6.801493731
-0.051081478,0.062395513,0.113476991,-0.016343653,68.62292477,11.56110887
-0.047393932,0.023719564,0.071113496,-0.000272334,27.80609605,4.708785656
-0.035412146,0.024284317,0.059696463,-0.003724635,36.41393007,5.764306814
-0.030838324,0.032173111,0.063011435,-0.005769312,41.10666937,6.49148516
-0.030868841,0.033687546,0.064556387,-0.007327616,39.39728361,5.976713117
-0.027420355,0.032119705,0.05954006,-0.007596552,38.2754644,6.286768133
-0.041924073,0.021337703,0.063261776,0.002079427,26.20017186,4.021204302
-0.023398189,0.023180394,0.046578583,-0.002231181,39.37906319,7.796815249
-0.022182775,0.020044281,0.042227056,-0.003234446,31.47650804,4.888256294
-0.024774862,0.02679248,0.051567343,-0.005107462,33.21209818,5.207147785
-0.02379067,0.029584839,0.053375509,-0.006532252,37.43818809,6.275060727
